NomVideo	Duree	Interaction	InterventionCourte	InterventionLongue	SPonctuel	SLocalise	SPresent	SRegulier	SImportant	DistributionLocuteur	TransitionLocuteur	Parole	Musique	Parole+Musique	Parole+NonMusique	NonParole+Musique	NonParole+NonMusique	VisageNombreMin	VisageNombreMax	NombreTransitionPlan	IntraVariationMoyen
10zenmonkeys-DearInternetImSorry675.xml	179	0.0	0.5	84.59	0.0	0.0	0.5	0.0	84.59	100.0	0.312100121719	25.41	55.31	13.33	11.29	41.98	31.84	0	1	3.43310133891	7.36114001912
11minutu-EntrevistaAntonioBasagoitiPolitika2011Minutu265.xml	717	11.78	4.24	1.89	0.0	0.37	0.0	0.0	78.05	100.0	0.894786700357	36.53	85.9	31.79	4.54	54.11	7.09	0	1	0.447393350179	6.54384331683
11minutu-EntrevistaJuanJosIbarretxePolitika2011Minutu923.xml	1097	11.18	2.03	11.71	0.0	0.0	0.0	0.0	84.23	100.0	0.415486339224	61.57	77.31	47.84	13.59	29.47	7.52	0	1	0.0415486339224	6.89362090642
1801Media-iPhone3GWhatDoPeopleKnow259.xml	117	75.58	0.0	12.14	0.0	0.0	0.0	0.0	87.21	100.0	1.46102710205	50.32	45.38	16.69	33.0	28.69	20.42	0	2	24.8374607349	8.1114146405
210tvmusic-InterviewWithVerityBandAtTheWarhol635.xml	168	0.0	0.0	0.0	0.0	16.24	0.0	0.0	44.77	100.0	5.66893424036	45.59	70.65	28.29	17.3	42.36	10.44	0	3	2.12585034014	4.36972445801
210tvmusic-VerityBandRawAndUncut354.xml	97	0.0	4.04	0.0	0.0	4.04	0.0	0.0	0.0	100.0	0.0	3.39	98.14	3.39	0.0	94.75	0.0	0	3	4.25124880434	7.72517653561
8bitjoystick-DaveHorsey_seattlePi_eventmp4203.xml	92	0.0	0.0	0.0	0.0	0.0	5.71	0.0	92.24	100.0	1.18147448015	44.48	95.76	42.34	1.5	53.42	0.89	0	0	2.3629489603	5.40931661355
8bitjoystick-NicoleS_SeattlePI_eventmp4126.xml	293	0.0	0.0	0.0	0.0	0.0	3.23	11.57	82.15	100.0	1.16483593286	36.81	98.4	36.27	0.33	62.13	0.73	0	0	0.116483593286	0.0
8bitjoystick-TiggaRyuDaCatsAwesomeOutsideAdventure537.xml	465	3.14	0.28	0.0	0.0	0.0	0.38	1.7	82.25	100.0	5.82726326742	66.51	69.42	40.74	25.5	28.68	4.7	0	2	0.323736848191	4.90994173381
Aabbey1-DavidHartmanTheContingentFeatureOfTheJewishViewOfHisto566.xml	2622	2.63	1.62	0.0	0.0	1.97	0.0	0.0	75.44	100.0	1.02547184796	60.39	54.01	37.85	22.49	16.16	2.07	0	1	0.0101819899797	7.49609433864
Aabbey1-DonnielHartmanGenesis1822970.xml	2997	4.86	0.0	0.0	0.0	0.0	8.74	70.09	17.42	100.0	0.158093807299	94.39	23.45	20.59	73.8	2.87	2.71	1	1	0.00445334668445	2.87947839216
Aabbey1-DonnielHartmanIsraelsStrugglesInGazaToFightAJustWarIn468.xml	862	0.0	0.58	1.49	0.0	0.0	1.09	9.78	75.88	100.0	2.61088172436	90.59	48.56	42.14	48.26	6.42	0.93	0	1	0.0269163064368	5.49957250385
Aabbey1-HolyEnvyLecturesOnReligiousPluralismInHonorOfKristerSt239.xml	1718	0.79	1.92	0.0	0.0	0.0	13.95	16.23	61.13	100.0	0.474331226851	93.42	43.23	38.27	55.06	4.96	1.4	0	2	0.0575973632605	6.78808256915
Aabbey1-InvitationToSummer2009RabbinicalStudySeminarAtHartmanIn262.xml	100	82.74	0.0	10.16	0.0	0.0	0.0	0.0	91.09	100.0	2.0	76.98	57.2	40.97	34.32	16.23	5.28	0	0	1.0	0.0
Aabbey1-IsraelAt61ContinuouslyMovingForwardRabbiDrDonnielHartm969.xml	294	90.15	0.28	0.0	0.0	0.0	0.0	0.0	89.75	100.0	0.0	49.4	89.63	41.62	7.51	48.01	1.91	0	0	0.115692535518	0.0
Aabbey1-MelilahHellnerEshedWaysOfRememberingSinai2176.xml	4898	0.0	0.27	0.0	0.0	0.0	3.82	93.45	0.0	100.0	0.266773331537	95.92	26.3	23.02	72.88	3.28	0.78	0	0	0.000416833330527	0.0
Aabbey1-MicahGoodmanTheComplexitiesOfIsraeliIdentity348.xml	5635	0.15	0.24	0.19	0.0	0.0	0.36	58.95	29.85	100.0	0.383268156227	94.33	34.31	29.99	64.31	4.31	1.31	0	4	0.0444049383961	6.33372561149
Aabbey1-RachelSabathBeitHalachmiThreeModelsOfTorahOnCelebrating136.xml	402	93.34	0.0	3.62	0.0	0.0	3.62	0.0	92.94	100.0	0.061879656444	87.82	94.4	86.71	0.87	7.69	0.0	0	1	0.123759312888	3.96930436157
Aabbey1-SoloveitchikTheRabbiAndHartmanThePhilosopher602.xml	458	9.43	3.33	0.0	0.0	7.31	0.0	0.0	52.34	100.0	4.43355389867	75.79	73.08	50.05	25.36	23.02	0.52	0	1	0.190690490265	5.9467724656
Aaronjupiter-MuscleUp759.xml	1714	0.29	0.68	4.22	0.0	3.77	0.0	0.0	70.66	100.0	0.292736459577	62.1	23.16	16.09	45.94	7.07	13.15	0	3	0.541222058986	6.48392831905
ABCNewspapers-BlackBeltGranny347.xml	90	0.0	0.0	60.98	0.0	0.0	0.0	0.0	60.98	100.0	1.23456790123	79.79	66.89	49.2	29.88	17.69	0.9	0	0	6.17283950618	6.79525722268
ABCNewspapers-ChemnitzerConcertina100.xml	123	0.0	5.63	56.38	0.0	2.46	0.0	0.0	59.54	100.0	0.660982219578	71.4	67.8	40.89	29.85	26.91	1.21	0	1	1.32196443915	2.694282886
Abird-ThrownFromTheHolidayTrain826.xml	290	26.23	0.65	6.74	0.0	3.19	0.0	0.0	74.29	100.0	0.594530321045	82.9	31.55	16.34	66.26	15.21	1.54	0	9	6.42092746731	9.08448379651
AbsoluteDisaster-CraigTheWerewolf1753.xml	63	0.0	8.4	59.86	0.0	8.4	0.0	0.0	59.86	100.0	2.51952632905	71.01	43.97	22.17	44.65	21.8	4.56	0	2	47.8710002519	5.70359574835
ACDigest-AnnapolisCityDigest107788.xml	1851	0.0	0.13	1.08	0.0	0.0	56.83	4.69	33.0	100.0	0.169283705189	74.0	15.22	12.09	61.85	3.13	2.13	0	3	0.312299249227	6.36636295848
AceWebsites-HowToFindAndInstallATheme591.xml	758	3.48	4.6	11.27	0.0	0.0	0.0	0.0	67.21	100.0	1.74045015003	67.85	39.06	14.98	52.77	24.08	7.83	0	2	0.765798066012	8.54410352945
Acnethai-414.xml	584	3.53	3.31	7.17	0.0	7.5	0.0	0.0	71.2	100.0	2.19905235503	66.25	54.66	32.25	33.89	22.41	11.11	0	1	0.0586413961344	8.05921234607
Acquia-Acquia2MinVideoEnterprise20LaunchpadRound2383.xml	134	0.0	0.0	99.24	0.0	0.0	0.0	0.0	99.24	100.0	0.0	99.32	14.25	14.08	83.8	0.17	0.38	0	0	0.556916907997	0.0
Actorsandcrew-TheBigBreak844.xml	70	0.0	16.34	26.86	0.0	0.0	0.0	0.0	43.2	100.0	2.04081632653	48.29	78.0	29.29	17.59	48.71	1.41	0	0	2.04081632653	0.0
Actorschecklist-ArgentinasBikinisAndSoccerBallsTranceBandTSpigotJunebugs517.xml	602	20.21	0.23	15.34	0.0	26.08	0.0	0.0	20.31	100.0	0.496683259566	27.65	77.31	16.61	10.88	60.7	11.31	0	2	3.44918930254	7.10531256873
Actorschecklist-DeadlyPursuitCarChaseThrillerFastestBassGuitaristHollywo111.xml	600	3.09	2.97	9.37	0.0	33.75	0.0	0.0	2.4	100.0	0.361111111112	25.48	68.92	11.59	13.74	57.33	16.9	0	2	3.05555555555	7.06166037968
Actorschecklist-TurboTheTrailerAndFilmComposerJermaineStegallConductsTh636.xml	300	1.45	2.67	6.68	0.0	10.06	0.0	0.0	0.74	100.0	0.444444444443	10.34	25.8	7.77	2.56	18.03	2.44	0	1	3.22222222222	7.38133882263
Adobedreamer-ApplicationWorkspaceOverview128.xml	275	0.0	0.0	0.0	0.0	0.0	0.0	22.81	74.4	100.0	8.06611570247	90.71	67.02	57.97	32.14	9.05	0.19	0	1	0.661157024793	2.42118338701
Adobedreamer-Basics313.xml	2311	0.15	0.04	0.0	0.0	0.0	0.24	64.74	26.4	100.0	1.2208089507	85.48	59.27	46.08	39.34	13.19	1.33	0	1	0.10110994377	7.13393256209
Adobedreamer-CleaningUpYourCode369.xml	311	0.0	0.0	0.0	0.0	0.0	10.73	5.16	75.77	100.0	4.03221637492	94.28	40.93	35.92	57.93	5.01	0.59	0	0	0.620340980759	3.76673632946
Adobedreamer-CodeToolbar161.xml	682	0.64	0.49	5.33	0.0	0.0	1.42	6.7	79.58	100.0	2.57995717271	90.33	43.68	34.65	55.4	9.03	0.53	0	0	0.10749821553	3.5077639695
Adobedreamer-ConstructionOfABasicWebsite690.xml	2267	2.43	0.32	0.0	0.0	0.0	2.74	40.51	45.92	100.0	1.05656638496	79.49	62.72	44.0	35.44	18.72	1.76	0	1	0.1517719669	8.00030107157
Adobedreamer-CoveredInTisCourse132.xml	193	0.0	0.0	0.0	0.0	0.0	0.0	0.0	98.94	100.0	0.536927165829	97.03	56.58	54.59	42.16	1.99	0.38	0	0	0.268463582915	0.0
Adobedreamer-CreatingNewPages952.xml	166	0.0	0.0	96.71	0.0	17.86	0.0	0.0	78.86	100.0	0.362897372623	35.73	11.02	10.7	24.34	0.33	0.12	0	0	3.26607635361	5.89777528536
Adobedreamer-DreamweaverViewOptions911.xml	163	0.0	0.0	0.0	0.0	0.0	0.0	15.5	81.98	100.0	13.9260039896	91.08	79.57	71.54	19.26	8.03	0.0	0	0	3.76378486206	2.85804465942
Adobedreamer-HowToCreateAnEmailLink283.xml	108	15.48	0.0	12.13	0.0	0.0	0.0	0.0	76.21	100.0	0.0	84.25	47.31	33.57	49.45	13.75	1.66	0	0	5.14403292181	1.46859246465
Adobedreamer-Introduction127.xml	69	0.0	12.12	0.0	0.0	0.0	0.0	0.0	92.03	100.0	0.0	89.91	53.77	45.03	42.82	8.74	0.52	0	0	2.10039907583	0.0
Adobedreamer-TheBasics983.xml	1342	0.72	0.73	0.99	0.0	0.0	0.31	4.28	89.26	100.0	0.843992439605	93.06	20.0	15.3	77.7	4.7	2.11	0	0	0.033315491037	2.82297913727
Adobedreamer-TheDocumentToolbar845.xml	864	32.8	0.0	10.88	0.0	0.0	0.0	11.35	82.86	100.0	0.160751028807	45.5	6.96	5.68	39.68	1.27	0.6	0	1	0.281314300412	4.98054801402
Adobedreamer-TheInsertBar208.xml	305	0.0	0.0	0.0	0.0	0.0	3.26	0.0	94.79	100.0	0.107497984413	98.81	3.93	3.61	94.52	0.32	0.6	0	0	0.214995968826	2.17346784497
Adobedreamer-TheStructureOfXMLCode806.xml	362	23.14	3.73	5.27	0.0	0.0	0.0	0.0	86.59	100.0	3.12872012453	22.42	6.13	4.49	17.48	1.65	1.09	0	0	0.53417172858	2.28436283083
Adobedreamer-using_mysql_admin852.xml	549	7.96	1.18	0.0	0.0	0.0	0.0	0.0	76.65	100.0	2.95287673233	16.71	9.23	8.01	8.49	1.23	0.08	0	0	0.530854244015	3.89838553204
Adobedreamer-WhatIsMySQL343.xml	251	0.0	0.0	9.86	0.0	0.0	0.0	0.0	96.06	100.0	0.0	53.57	20.84	18.52	34.59	2.32	0.19	0	0	0.317455278488	7.58858699049
Adobedreamer-XMLBasics582.xml	357	0.0	1.92	0.0	0.0	0.0	0.0	3.18	82.86	100.0	3.13851030608	11.91	4.37	4.24	7.67	0.13	0.03	0	0	0.863090334174	3.61648872494
Adobefireworks-BlurDodgeAndSharpen840.xml	205	9.84	3.04	9.6	0.0	0.0	0.0	0.0	71.93	100.0	1.90362879239	76.0	59.61	39.9	35.57	19.71	4.09	0	0	0.713860797146	0.53649190275
Adobefireworks-BrushPreserve315.xml	60	0.0	15.0	0.0	0.0	6.18	0.0	0.0	82.28	100.0	5.55555555555	92.24	59.5	54.19	36.17	5.31	0.83	0	0	2.77777777778	0.0
Adobefireworks-FireworksSmartWebIntergration409.xml	1293	1.03	1.5	0.0	0.0	0.0	1.64	1.15	83.17	100.0	1.14842907463	80.64	28.91	17.67	62.94	11.24	8.04	0	0	0.179442042912	3.69957768741
Adobefireworks-ImageMasks896.xml	231	13.81	0.0	0.0	0.0	0.0	0.0	0.0	92.39	100.0	0.0	93.09	54.5	48.56	44.06	5.95	0.96	0	0	0.562208354416	3.03627530375
Adobefireworks-ImportAndExportWithFireworksCS3111.xml	638	22.92	1.41	0.0	0.0	0.0	0.0	0.0	94.06	100.0	0.221106317745	16.08	4.33	3.46	12.44	0.87	0.48	0	1	0.343943160936	5.63197679643
Adobefireworks-WorkingWithLayersCS3Style263.xml	1373	2.68	0.68	0.0	0.0	0.0	0.1	16.74	74.82	100.0	1.13520082711	88.29	21.91	14.73	73.49	7.18	4.5	0	1	0.0477420908596	3.40010468836
Adventcalendar-December15th618.xml	60	85.72	0.0	0.0	0.0	0.0	0.0	0.0	84.5	100.0	0.0	79.91	24.67	13.74	65.23	10.93	1.6	0	1	13.8888888889	7.50039428809
Adventcalendar-December17th902.xml	47	0.0	0.0	80.98	0.0	0.0	0.0	0.0	80.98	100.0	0.0	70.57	14.68	7.07	60.85	7.61	0.0	0	0	4.52693526483	1.85139396601
Adventcalendar-December18th499.xml	40	0.0	0.0	77.88	0.0	0.0	0.0	0.0	77.88	100.0	0.0	79.92	27.75	19.0	58.09	8.75	0.41	0	2	12.5	7.33695974551
Aerobroken-ABNRockUpdate11072008WS229.xml	557	0.71	0.0	2.08	0.0	0.0	1.04	2.28	88.45	100.0	0.83803654484	60.25	83.05	47.92	12.06	35.13	4.48	0	1	0.0966965244047	9.78176622729
Aerobroken-ABNRockUpdate12052008776.xml	577	0.0	0.0	17.34	0.0	0.0	0.0	0.0	85.88	100.0	0.570692249698	17.5	97.75	16.4	0.91	81.35	0.74	0	1	0.150182170973	9.07315395875
Agaelebe-14EDTEDCarlosBrando444.xml	2624	13.81	4.89	6.47	0.0	0.73	0.0	0.0	71.1	100.0	0.294827762492	74.81	97.1	72.6	2.18	24.49	0.57	0	1	0.00871412105888	4.66553349311
Agahran-ClosetCollapsePart1534.xml	59	34.14	14.76	22.53	0.0	0.0	0.0	0.0	69.2	100.0	0.0	75.61	53.05	32.24	41.75	20.81	1.3	0	0	2.87273771905	0.0
AGORANEWS3-Villaverde01175.xml	86	8.94	2.33	0.0	0.0	0.83	0.0	0.0	19.16	100.0	6.76041103299	2.69	9.65	2.69	0.0	6.96	0.0	0	2	20.281233099	5.30210773836
AGORAVIDEOS4-animalesNocturnosEnElESTAS405.xml	137	0.0	1.73	40.8	0.0	0.0	0.0	0.0	76.5	100.0	4.26234748788	69.16	62.92	38.95	29.73	23.97	6.33	0	2	2.13117374394	8.05381440082
AIMTV-SeymourHershUSIsFundingAlQaedaToCounterIran937.xml	2066	0.0	0.0	0.0	0.0	0.0	15.12	31.45	52.14	100.0	0.100741362717	93.22	20.73	17.63	75.52	3.11	3.27	0	2	0.171026034379	3.55271745108
Akachan-XF3ARMYProjectPromo360.xml	55	0.0	15.11	0.0	0.0	15.11	0.0	0.0	0.0	100.0	0.0	9.88	77.64	4.97	2.91	72.66	4.0	0	0	3.30578512396	0.0
AlanTaylor925-ALANANDREWTAYLORFILMMAKERSHOWREEL915.xml	122	9.91	0.0	9.61	0.0	6.43	0.0	0.0	12.95	100.0	0.67186240258	21.62	71.31	7.25	12.55	64.06	7.7	0	6	24.1870464929	5.05566319901
AlanTaylor925-EdinburghFestivalFringe114.xml	584	27.82	5.75	24.05	0.0	31.65	0.0	0.0	27.27	100.0	0.527772565209	34.61	47.19	10.93	23.67	36.26	15.57	0	2	1.14350722462	5.21078873313
AlanTaylor925-FalklandsWarRemembrance209.xml	589	2.46	0.66	28.41	0.0	23.93	0.0	0.0	9.82	100.0	0.172950037616	46.89	59.35	22.7	24.19	36.65	5.1	0	4	1.90245041379	4.71612104314
AlanTaylor925-LastVoyageOfTheQE2755.xml	238	12.98	0.0	0.0	0.0	0.0	0.0	0.0	73.86	100.0	1.0592472283	70.12	47.82	22.78	47.12	25.04	4.01	0	2	3.88390650378	7.35243438742
AlanTaylor925-MindOfObsession262.xml	1794	7.41	5.24	6.35	0.0	4.81	0.0	0.0	47.58	100.0	0.301388624785	63.71	58.25	25.55	38.06	32.7	3.49	0	0	0.00310709922459	0.0
Albarra-12_2_29518.xml	149	0.0	0.0	77.75	0.0	0.0	0.0	0.0	77.75	100.0	0.0	22.54	19.46	19.46	2.42	0.0	0.0	0	0	0.450430160803	0.0
Albarra-12_2_41158.xml	213	6.0	1.52	0.0	0.0	0.43	0.0	0.0	67.31	100.0	10.1390817519	71.95	48.69	27.39	44.11	21.29	2.88	0	0	0.220414820692	0.0
Albarra-12_2_56990.xml	441	0.0	0.86	0.0	0.0	0.2	0.0	0.0	49.05	100.0	10.2323620302	95.51	72.0	71.52	23.69	0.48	0.03	0	0	0.0514189046746	0.0
Albarra-A1_4865.xml	314	0.0	0.43	0.0	0.0	0.29	0.0	0.0	83.06	100.0	11.7651831717	2.18	49.65	0.54	1.48	49.11	48.33	0	0	0.10142399286	0.0
Albarra-activity2_1946.xml	363	7.7	15.8	0.0	0.0	0.79	0.0	0.0	59.74	100.0	2.65616343753	51.17	49.83	14.33	36.7	35.51	13.03	0	0	0.379451919647	2.55306376978
Albarra-latexshort711.xml	246	31.16	2.44	55.35	0.0	0.0	0.0	0.0	87.42	100.0	0.0	54.63	26.42	10.08	44.34	16.34	27.13	0	0	3.47015665278	4.49886214674
Albarra-limitCalculusMathDerivativeTangentLineLinearEquationInte958.xml	460	2.61	4.23	0.0	0.0	0.68	0.0	0.0	72.98	100.0	3.92249527411	36.6	41.87	8.26	28.23	33.61	29.49	0	0	0.0472589792061	0.0
Albarra-MA123Set005Part3124.xml	521	0.0	3.23	0.0	0.0	0.45	0.0	0.0	78.56	100.0	4.08928643795	22.52	41.36	4.55	17.87	36.81	40.51	0	0	0.110521255079	1.66423182891
Albarra-MeanValueTheorem1456.xml	357	0.0	4.87	4.9	0.0	2.78	0.0	0.0	74.13	100.0	4.78622821678	20.83	39.08	5.02	15.54	34.06	41.72	0	0	0.235388272956	4.46484899816
Albarra-MeanValueTheorem2541.xml	461	10.53	7.25	3.33	0.0	2.55	0.0	0.0	61.37	100.0	2.35270867349	10.81	48.63	2.6	8.0	46.03	40.49	0	0	0.470541734698	8.01182747978
Albarra-part12675.xml	659	0.0	2.78	10.96	0.0	0.0	0.19	0.89	85.99	100.0	1.42764707643	79.22	32.15	18.43	60.7	13.72	6.93	0	0	0.0230265657489	0.0
Albarra-part5590.xml	545	0.0	5.14	0.0	0.0	0.29	0.0	0.0	77.16	100.0	4.54507196363	23.28	14.64	4.61	18.68	10.04	4.24	0	0	0.471340796229	4.05527193
Albarra-Problem12217124.xml	256	26.81	0.0	0.0	0.0	0.0	2.59	1.71	85.21	100.0	2.89916992188	79.02	30.27	19.88	58.76	10.39	7.21	0	0	0.152587890625	0.0
Albarra-Problem12315755.xml	365	0.0	1.1	0.0	0.0	0.0	0.0	0.0	17.2	100.0	4.27847626197	60.25	52.93	52.91	6.71	0.02	0.0	0	0	0.150121974104	1.40558683776
Albarra-Problem1234514.xml	253	0.0	9.31	16.08	0.0	0.0	0.0	0.0	25.39	100.0	0.0	42.49	37.75	37.73	4.31	0.02	0.0	0	0	0.312456060866	6.0949275918
Albarra-QuranPart1_2ndversion977.xml	447	2.34	6.46	8.56	0.0	0.0	0.0	0.0	47.85	100.0	0.750716934673	2.36	69.19	2.0	0.24	67.2	30.14	0	0	0.200191182579	4.72791164345
Albarra-QuranPart2675.xml	595	0.91	4.48	0.0	0.0	9.68	0.0	0.0	60.92	100.0	2.76816608997	35.05	61.48	23.14	11.81	38.34	26.44	0	0	0.423698891321	3.95610630418
Albarra-QuranPart5845.xml	421	23.54	4.19	22.27	0.0	0.0	0.0	0.0	81.37	100.0	0.902725667311	26.51	30.07	13.19	13.07	16.88	18.52	0	1	1.29766814676	4.58898787891
Albarra-Review3SectionIProblem3378.xml	385	51.77	0.9	39.18	0.0	0.0	0.0	0.0	90.05	100.0	0.269860010119	54.8	32.42	10.57	44.1	21.85	22.97	0	0	0.0674650025299	0.0
Albarra-Set007Problem15207.xml	324	0.0	3.41	3.19	0.0	0.0	0.0	0.0	66.71	100.0	8.19234872731	25.35	50.65	5.47	19.72	45.18	29.26	0	0	0.571559213534	4.42007855696
Albarra-Set007Problem2326.xml	344	0.0	12.26	3.12	0.0	2.55	0.0	0.0	54.54	100.0	5.23931855058	8.31	12.21	3.02	5.29	9.19	8.4	0	0	0.338020551648	5.03902810049
Albarra-Set007Problem6316.xml	189	0.0	6.04	0.0	0.0	4.6	0.0	0.0	76.49	100.0	17.6366843033	20.99	18.04	2.33	18.39	15.71	14.2	0	0	0.279947369895	0.0
Albarra-SubtractionMadeEasy779.xml	269	51.77	2.97	35.18	0.0	0.0	0.0	5.94	83.57	100.0	0.690979947762	69.71	34.35	17.41	51.94	16.94	8.65	0	0	0.276391979105	4.86768314501
Alecmuffett-ITFuturologyWhatCouldHappenToTheWebBy2012423.xml	2353	0.0	0.0	0.0	0.0	0.0	1.37	14.28	83.43	100.0	0.198677565997	96.94	7.72	6.94	89.93	0.78	0.91	0	1	0.0415416728904	10.6816979257
Alefarendsen-SpringSourceToolSuiteErrorAnalysis486.xml	223	0.0	3.46	4.83	0.0	5.43	0.38	0.0	77.87	100.0	8.24468619919	80.71	30.0	14.74	65.62	15.26	3.62	0	0	0.0	0.0
Alexodam-JoeThinksAlexIsAwesome650.xml	7	0.0	86.71	0.0	0.0	0.0	0.0	0.0	86.71	100.0	0.0	83.66	28.57	28.57	37.94	0.0	2.06	0	0	204.081632653	0.0
Alfocus-BannedBooksWeekIdLikeToFindBLEEP872.xml	115	11.44	17.87	9.12	0.0	0.0	0.0	0.0	36.71	100.0	0.0	6.95	11.91	3.15	3.0	8.77	1.78	0	1	9.07372400757	6.38644735158
AliaK-VloMo08Day3PalmBeachSydney662.xml	237	8.37	9.51	0.0	0.0	12.19	0.0	0.0	3.55	100.0	0.890170734747	46.68	34.01	14.47	31.45	19.54	33.74	0	1	0.356068293899	2.65079765046
Allusel-AquaticaTheUnderwaterAdventure954.xml	99	0.0	6.86	0.0	0.0	6.86	0.0	0.0	0.0	100.0	0.0	10.64	53.33	10.64	0.0	42.69	0.0	0	1	15.3045607591	7.12508483216
AmnestyVlaanderen-AnnVanElsen532.xml	82	0.0	0.0	85.57	0.0	0.0	0.0	0.0	85.57	100.0	0.0	27.47	7.68	7.45	18.72	0.23	0.18	0	0	4.46162998216	6.22913913287
Andrekleinnett-DSCN0070250.xml	19	0.0	0.0	99.95	0.0	0.0	0.0	0.0	99.95	100.0	0.0	25.6	92.63	23.81	1.79	68.82	5.58	0	0	0.0	0.0
Anglicantv-FCA2009BishopBenn159.xml	617	0.0	1.5	0.0	0.0	0.0	0.0	0.0	89.62	100.0	0.1050726446	87.77	30.49	22.23	65.37	8.26	3.82	0	0	0.1050726446	4.7619242383
Anglicantv-FCA2009InterviewWithArchbishopJensenAndArchbishopVeneabl988.xml	1234	0.0	0.21	0.0	0.0	0.0	0.06	6.89	85.73	100.0	0.269248651787	86.57	26.42	19.29	67.14	7.13	6.26	0	2	0.0197011208624	6.57306827985
AnimalTVorg-movie_107997.xml	35	0.0	0.0	0.0	0.0	0.0	0.0	15.49	82.71	100.0	16.3265306123	62.17	44.29	20.48	36.75	23.81	6.39	0	4	65.3061224489	7.39393009548
Antonwithagen-Wired665.xml	287	7.18	3.28	10.82	0.0	1.96	0.0	0.0	49.12	100.0	2.54950284694	6.31	6.76	5.56	0.38	1.2	0.03	0	1	8.25553302819	6.81327890392
Aramistech-RemoteAccessAnywhereFREEOnTheIphonePART2475.xml	488	0.95	3.25	16.16	0.0	0.0	0.0	0.0	84.33	100.0	0.965802203709	80.7	30.43	24.42	56.09	6.01	12.66	0	1	0.629871002418	8.00037859662
ArchiveTVClassics-gam4_512kb544.xml	1053	10.12	1.22	3.42	0.0	12.16	7.15	14.78	51.67	100.0	1.00107412548	28.42	82.66	16.78	11.53	65.88	5.63	0	2	0.568177206354	5.96053921083
Around2seas-DepartureDay964.xml	320	0.0	7.08	21.28	0.0	6.2	0.0	0.0	39.35	100.0	0.5859375	17.11	71.13	8.66	8.45	62.47	17.14	0	2	0.68359375	6.8157085894
Arsantiguapresents-JeremiahClarke16741707MusicFromTheIslandPrincess694.xml	560	0.0	0.63	0.0	0.0	0.63	0.0	0.0	0.0	100.0	0.0	8.63	99.7	8.62	0.02	91.08	0.29	0	7	0.255102040816	8.80784486208
Artesvisuales-CampusDokeos735.xml	369	3.67	0.0	0.0	0.0	0.0	0.0	0.0	96.25	100.0	0.440654813051	97.47	16.31	15.25	81.99	1.07	0.91	0	2	0.293769875369	5.14802080195
Auxy-nanochromaticRemix205.xml	23	0.0	10.61	0.0	0.0	10.61	0.0	0.0	0.0	100.0	0.0	16.17	87.83	10.78	2.61	77.04	1.3	0	0	18.9035916824	0.0
Avelx-CursorFollowEffect951.xml	354	2.08	4.32	30.14	0.0	1.46	0.0	0.0	81.76	100.0	1.11717577963	27.18	4.66	3.97	22.9	0.69	0.52	0	0	0.638386159788	7.746200287
Avelx-FirstLookAtBlender595.xml	352	32.37	0.0	65.34	0.0	0.0	0.0	0.0	97.29	100.0	0.242122933884	15.46	4.26	3.81	11.3	0.45	0.23	0	1	1.12990702479	8.65807636933
BatmanGeek-IDontSnoreDoI418.xml	118	0.0	11.35	12.53	0.0	6.36	0.0	0.0	48.86	100.0	5.02729100833	45.23	81.69	33.71	11.09	47.98	5.27	0	1	6.46365986786	5.28598813269
BatmanGeek-TheBestOfTheBest588.xml	53	0.0	0.0	21.57	0.0	0.0	0.0	0.0	21.57	100.0	0.0	16.66	74.53	14.15	0.57	60.38	0.0	0	0	10.6799572802	8.29725696123
Bicyclemark-bmtv83Lisbon1974848.xml	386	6.64	2.3	0.0	0.0	12.87	17.6	14.04	47.4	100.0	2.14770866332	36.07	66.06	25.34	10.44	40.73	2.7	0	2	4.22830143091	6.8005370483
Bicyclemark-bmtv91NJVoterFraud656.xml	344	0.0	0.0	97.14	0.0	0.0	0.0	0.0	97.14	100.0	0.0	30.23	3.6	3.25	26.66	0.35	2.58	1	1	0.0845051379125	0.0
BIF-BIF4MattCottam203.xml	1350	39.54	1.82	4.71	0.0	13.5	0.0	0.0	66.03	100.0	0.164609053498	73.5	54.41	42.44	30.97	11.97	1.64	0	2	0.241426611797	6.29246509218
BIF-SaulKaplanAtBIF4686.xml	861	2.99	0.0	0.0	0.0	0.0	0.0	2.86	95.85	100.0	0.0539577322105	90.77	36.48	30.67	59.88	5.81	2.44	0	3	0.634003353473	5.30150889928
BliptvLearningCenter-ProducerEditorVuBuiNoodleScar688.xml	218	0.0	0.0	0.0	0.0	0.0	0.0	9.54	86.12	100.0	1.89377998485	73.52	57.66	40.41	32.3	17.25	7.83	1	1	0.420839996633	2.34897268157
BobCollins-EdNicholsonWithTysonFoodsPresentsToSocialMediaBreakfast984.xml	102	0.0	0.0	96.11	0.0	0.0	0.0	0.0	96.11	100.0	0.0	90.35	5.78	4.7	84.67	1.09	5.53	0	1	0.961168781238	7.53024084775
BrooklynReview-BREps200796.xml	1743	0.36	1.3	2.09	0.0	14.26	44.5	20.8	7.45	100.0	0.414739854426	62.6	37.07	19.52	43.03	17.55	19.78	0	3	0.592485506322	7.16359081303
BURNcast-BURNcastTV16RangerHooper854.xml	585	0.0	1.29	0.0	0.0	0.0	0.46	12.46	82.86	100.0	0.788954635108	92.1	16.62	13.01	78.77	3.61	3.93	0	1	0.175323252246	7.1476747736
Bushcraft-AZOfBushcraftSurvivalSkillsTrailer281.xml	23	0.0	0.0	59.26	0.0	0.0	0.0	0.0	59.26	100.0	0.0	56.24	64.78	30.21	21.76	34.57	6.5	0	0	56.7107750474	2.8437481103
Cadem-2009CDPStateConventionSaturdayAfternoonSession454.xml	8077	2.37	0.62	3.96	0.0	19.14	0.0	0.0	3.97	100.0	0.0321898630473	23.01	10.42	6.01	16.99	4.41	1.43	0	3	0.0174744970828	6.81102030399
CalvaryAustin-HeroesSeries09Samson2183.xml	2988	0.88	0.85	2.39	0.0	0.0	0.44	9.77	82.36	100.0	0.47714284178	68.36	33.29	19.67	48.67	13.62	17.96	0	1	0.0212810187649	4.3250039604
Calvinministries-51709GettingThroughTheToughStuffPastorChrisCassis493.xml	2431	0.89	0.33	0.0	0.0	0.0	1.26	91.13	0.0	100.0	1.41122458252	93.86	35.55	30.3	63.5	5.25	0.56	0	0	0.0067684632255	6.34068694828
Cardatavideo-NewLexusHS250hHybridSedan196.xml	263	0.0	2.59	0.0	0.0	0.0	2.59	0.0	90.49	100.0	0.433720308232	84.58	16.39	12.07	72.03	4.32	6.3	0	2	2.02402810508	5.14366804064
Cashflowcoach-8000AtClosing998.xml	193	0.0	0.75	91.29	0.0	0.0	0.75	0.0	91.29	100.0	0.268463582915	88.29	24.87	20.83	66.88	4.04	4.73	0	1	1.34231791458	8.02893035716
CelticChristianityToday-CelticChristianityHomilyRepentOrTheTimeIsNearPart1By246.xml	626	27.64	0.27	12.5	0.0	0.0	2.7	0.0	89.28	100.0	0.280701038083	90.28	20.43	17.0	73.02	3.43	2.16	0	1	0.612438628546	6.12000035728
CherylColan-MacBasicsTheDesktop885.xml	339	1.73	6.88	0.0	0.0	8.11	0.0	0.0	0.0	100.0	0.0	9.65	95.99	6.38	3.11	89.6	0.34	0	0	0.174032596305	4.33643325893
Cinemapsychic-46CinemaPsychicThePsychicIsRising808.xml	119	95.18	2.07	0.0	0.0	0.0	5.45	0.0	91.55	100.0	0.706164818869	46.68	7.31	2.58	43.16	4.73	1.21	1	1	0.706164818869	3.77079084254
Clickpopmedia-ReidRossiDishesAboutTheLegendaryRickySpaniel704.xml	158	0.0	0.0	81.47	0.0	7.65	0.0	0.0	73.82	100.0	0.400576830636	15.16	19.56	9.48	4.98	10.08	0.02	0	3	2.00288415318	8.04327506049
Cmatthieu-73sorgHamBrief30122.xml	553	0.0	0.0	0.0	0.0	0.0	0.52	2.95	84.56	100.0	1.83120836863	89.35	33.35	25.39	63.86	7.96	2.36	0	2	0.490502241595	9.18984624524
Commonpeople-AVeryJungleBookChristmasBaby469.xml	51	0.0	0.0	81.55	0.0	0.0	0.0	0.0	81.55	100.0	0.0	7.94	61.37	2.68	3.78	58.69	31.71	0	3	53.8254517494	7.52719085958
Commonpeople-ClimateChangeExplorerPaulRoseInterview890.xml	320	4.12	2.02	3.36	0.0	0.0	0.0	3.13	83.31	100.0	0.87890625	16.11	10.56	4.0	11.7	6.56	0.52	0	0	0.09765625	0.0
Commonpeople-Django400.xml	46	0.0	5.61	0.0	0.0	5.61	0.0	0.0	0.0	100.0	0.0	44.38	95.22	41.53	0.0	53.69	0.0	0	1	37.8071833648	6.56584998442
Commonpeople-MorecambeCanonHG10Semanal5634.xml	73	0.0	4.92	0.0	0.0	4.92	0.0	0.0	0.0	100.0	1.8765246763	7.29	42.88	7.29	0.0	35.59	0.0	0	1	43.1600675549	7.03654195604
Coruway-BaldGuyOnClimateChange001743.xml	67	0.0	0.0	89.63	0.0	0.0	0.0	0.0	89.63	100.0	0.0	84.02	44.03	38.72	43.0	5.31	3.12	0	1	4.45533526399	5.58337784952
Craftedwebmaster-WebsiteMakeoverPart2376.xml	402	98.89	0.0	0.0	0.0	0.0	0.0	0.0	98.54	100.0	0.0	98.99	5.9	5.35	93.23	0.55	0.42	0	0	0.866315190219	5.83734801417
Crashsolo-OneMinuteAbhorsen163.xml	56	0.0	0.0	88.63	0.0	0.0	0.0	0.0	88.63	100.0	0.0	31.13	5.18	1.39	27.86	3.79	2.14	0	1	3.1887755102	6.67232828894
Crashsolo-OneMinuteHiaasen553.xml	63	0.0	0.0	0.0	0.0	0.0	10.21	0.0	81.63	100.0	2.51952632905	58.59	23.33	12.19	43.76	11.14	20.37	0	1	2.51952632905	5.96069660955
Crashsolo-OneMinuteJupiter166.xml	67	0.0	0.0	93.27	0.0	0.0	0.0	0.0	93.27	100.0	0.0	25.9	4.48	0.87	23.31	3.61	4.16	0	1	6.68300289597	7.27789194832
Crashsolo-OneMinuteKissOfShadows143.xml	91	76.49	5.9	0.0	0.0	0.0	0.0	0.0	81.32	100.0	0.0	84.28	29.78	24.27	58.93	5.51	0.74	0	1	1.20758362516	5.77689020291
Crashsolo-OneMinuteLeGuin773.xml	87	0.0	0.0	0.0	0.0	0.0	0.0	7.43	92.56	100.0	2.64235698243	21.49	12.07	9.26	11.07	2.8	0.08	0	1	1.32117849122	6.46246763852
Crashsolo-OneMinuteLirael820.xml	70	0.0	0.0	91.4	0.0	0.0	0.0	0.0	91.4	100.0	0.0	81.44	22.14	18.42	60.68	3.73	10.03	0	2	2.04081632653	6.6145525137
Crashsolo-OneMinuteMyceliumRunning508.xml	82	0.0	0.0	91.17	0.0	0.0	0.0	0.0	91.17	100.0	0.0	87.9	20.85	17.62	68.98	3.23	4.31	0	1	4.46162998216	7.25611192808
Crashsolo-OneMinuteOddJobs223.xml	47	0.0	2.89	57.4	0.0	0.0	0.0	0.0	60.3	100.0	0.0	66.49	20.85	11.24	50.16	9.61	4.09	0	1	4.52693526483	5.80954234991
Crashsolo-OneMinuteOpalDeception198.xml	72	0.0	0.0	92.1	0.0	0.0	0.0	0.0	92.1	100.0	0.0	20.28	7.5	2.98	16.04	4.52	4.79	0	1	9.64506172839	5.88433592438
Crashsolo-OneMinutePeaceWar537.xml	84	0.0	0.0	0.0	0.0	0.0	0.0	0.0	88.85	100.0	0.0	25.19	10.0	6.85	17.47	3.15	5.62	0	1	2.83446712018	6.54762923262
Crashsolo-OneMinutePopsicle340.xml	73	0.0	0.0	0.0	0.0	0.0	0.0	0.0	88.84	100.0	5.6295740289	82.04	39.18	29.37	50.16	9.81	1.07	0	1	1.8765246763	5.95671099581
Crashsolo-OneMinutePtolemysGate435.xml	71	93.89	0.0	0.0	0.0	0.0	0.0	0.0	91.42	100.0	0.0	86.12	30.99	26.28	57.36	4.71	4.75	0	0	0.0	0.0
Crashsolo-OneMinuteRome1300350.xml	68	0.0	0.0	80.9	0.0	0.0	0.0	0.0	80.9	100.0	0.0	81.52	49.26	45.18	33.85	4.08	0.56	0	0	2.16262975778	5.62687624603
Crashsolo-OneMinuteSabriel700.xml	69	0.0	0.0	93.57	0.0	0.0	0.0	0.0	93.57	100.0	0.0	70.66	11.16	6.49	61.41	4.67	19.61	0	1	4.20079815165	6.60778606424
Crashsolo-OneMinuteSilentPlanet774.xml	67	0.0	0.0	79.91	0.0	0.0	0.0	0.0	79.91	100.0	0.0	80.91	33.88	27.31	53.59	6.57	4.02	0	1	6.68300289597	5.48885434128
Crashsolo-OneMinuteWodehouse213.xml	73	0.0	0.0	84.84	0.0	0.0	0.0	0.0	84.84	100.0	0.0	81.87	28.36	24.3	55.72	4.06	0.72	0	1	1.8765246763	5.99562006511
CTR-GaryVaynerchukAtTechCocktail807.xml	991	22.33	0.82	9.1	0.0	0.0	0.27	6.19	85.49	100.0	0.285108865766	24.08	98.77	23.92	0.11	74.85	0.92	0	1	0.346203622715	3.80103809332
Culinarymedia-BrunelloLuncheon617.xml	287	15.08	4.3	13.94	0.0	0.0	0.0	0.0	33.13	100.0	0.242809794947	22.86	77.56	6.54	15.69	71.02	5.57	0	2	5.5846252838	6.60288533807
Davidleeking-TrainToMadrid953.xml	179	0.0	7.09	0.0	0.0	7.09	0.0	0.0	0.0	100.0	0.312100121719	2.7	97.88	2.34	0.0	95.54	1.12	0	1	5.61780219095	7.66259093319
Deepintosports-DeepIntoSportscom51909PlayoffLetdowns846.xml	92	0.0	0.0	0.0	0.0	0.0	0.0	0.0	90.57	100.0	0.0	95.43	17.93	15.8	78.76	2.14	1.13	1	1	1.18147448015	0.0
EconomyInCrisis-AmericasToughRoadToRecovery295.xml	207	99.12	0.0	0.0	0.0	0.0	0.0	0.0	98.38	100.0	0.0	96.0	10.34	9.5	85.56	0.84	2.66	1	1	0.0	0.0
EconomyInCrisis-CashForClunkers174.xml	203	98.23	0.0	0.0	0.0	0.0	3.7	0.0	94.46	100.0	0.242665437162	94.58	9.85	6.83	87.23	3.02	1.29	0	0	0.0	0.0
EconomyInCrisis-DailyUpdateAugust272009985.xml	176	0.0	0.0	0.0	0.0	0.0	9.18	0.0	86.09	100.0	0.322830578513	85.76	18.01	5.9	79.48	12.11	1.37	0	1	0.645661157023	5.46585944932
EconomyInCrisis-DailyUpdateForJuly282009613.xml	183	0.0	0.0	0.0	0.0	0.0	8.32	0.0	86.56	100.0	0.298605512258	86.59	19.56	7.93	78.07	11.63	0.89	0	2	0.597211024514	5.87059772142
EconomyInCrisis-DailyUpdateSeptember22009222.xml	205	0.0	0.0	0.0	0.0	0.0	7.94	0.0	87.56	100.0	0.237953599048	6.17	0.44	0.44	5.19	0.0	0.18	0	1	0.475907198097	5.64875520471
EconomyInCrisis-ForeignBiddersLiningUpToPickApartDetroit536.xml	193	98.92	0.0	0.0	0.0	0.0	3.98	0.0	94.93	100.0	0.268463582915	94.3	12.44	9.51	84.02	2.92	2.09	0	1	0.536927165829	5.27828118099
EconomyInCrisis-FundamentalFlawsInFreeTrade420.xml	187	98.75	0.0	0.0	0.0	0.0	4.18	0.0	94.57	100.0	0.285967571278	95.88	13.96	11.39	83.7	2.57	0.8	0	0	0.0	0.0
EconomyInCrisis-MidweekReportJuly222009820.xml	175	0.0	1.74	86.5	0.0	0.0	1.74	0.0	86.5	100.0	0.326530612245	13.13	0.17	0.17	12.39	0.0	0.01	0	1	0.653061224491	5.51460171493
EconomyInCrisis-RidingTheAsianWave392.xml	119	97.39	0.0	0.0	0.0	0.0	6.45	0.0	90.93	100.0	0.706164818869	92.67	14.2	9.89	81.93	4.32	1.51	0	1	0.706164818869	5.87397826057
EconomyInCrisis-TheSlowStimulus691.xml	188	0.0	0.0	0.0	0.0	0.0	3.3	0.0	93.68	100.0	0.282933454052	27.39	2.45	2.39	24.47	0.06	0.31	0	1	0.282933454052	5.67841000309
Etech-ETech09TimOReillyTheOReillyRadar431.xml	2618	0.0	0.4	0.0	0.0	0.0	0.5	76.49	19.95	100.0	0.226147824225	97.81	11.38	10.13	87.63	1.25	0.9	0	3	0.183836295821	7.38672372151
Fang-01MakeGlassPrecisionCook462.xml	41	0.0	0.0	0.0	0.0	0.0	0.0	0.0	92.59	100.0	5.9488399762	12.78	28.05	1.22	9.18	26.83	37.65	0	1	77.3349196907	6.92624674677
Fang-03FibreDraw496.xml	44	0.0	0.0	83.95	0.0	0.0	0.0	0.0	83.95	100.0	0.0	15.05	7.27	2.6	9.8	4.67	20.2	0	0	51.652892562	7.00573879851
Fantasmagorio-Tartanvision22777.xml	353	4.63	0.0	40.06	0.0	18.76	0.0	0.0	39.65	100.0	0.401255126034	48.93	78.58	28.96	19.77	49.62	1.19	1	1	0.0802510252068	0.0
Ferfigheras-carretera775.xml	188	0.0	2.04	0.0	0.0	2.04	0.0	0.0	0.0	100.0	0.282933454052	4.08	82.23	4.08	0.0	78.16	0.0	0	1	3.11226799457	3.54816132116
Followsound-CMCAdvert735.xml	60	33.28	0.0	0.0	0.0	25.92	0.0	0.0	43.03	100.0	5.55555555555	35.17	58.33	12.02	20.47	46.31	17.37	0	0	38.8888888888	7.8639951801
Francoventoso-EugeneHideawayBridges2385.xml	200	0.0	10.58	8.07	0.0	13.38	0.0	0.0	5.26	100.0	0.75	3.88	98.65	3.4	0.2	95.25	0.1	0	0	0.75	5.04115285731
FrankPetrie-Clump007GbyeGeorge941.xml	232	29.64	7.47	30.31	0.0	0.0	0.0	0.0	66.32	100.0	0.0	70.61	63.79	37.26	32.71	26.54	2.33	0	2	2.04369797859	5.10149162073
Freeadvice-FreeAdvice17Sharon792.xml	119	90.79	0.0	0.0	0.0	7.01	0.0	0.0	81.84	100.0	0.706164818869	2.05	0.34	0.34	0.76	0.0	0.0	0	1	3.53082409434	6.1313870547
Friprog-RichardStallmanIOslo321.xml	247	9.69	1.08	7.77	0.0	28.62	0.0	0.0	56.72	100.0	1.47519218476	54.76	35.95	22.46	31.84	13.49	3.26	0	3	1.14737169926	5.59334063844
G14productions-NYComicCon219.xml	611	6.9	2.39	5.43	0.0	0.0	0.0	0.0	37.64	100.0	0.589305182403	32.42	31.83	17.87	14.3	13.97	3.85	0	3	0.642878380804	5.89322765186
GerryT-UNDRESSMENow835.xml	334	3.53	0.25	0.0	0.0	0.0	4.27	0.0	85.97	100.0	1.16533400265	15.58	17.78	8.73	6.83	9.05	3.53	0	1	1.43425723404	6.89415018584
Givethanks-GiveThanks5203.xml	45	0.0	32.38	55.6	0.0	0.0	0.0	0.0	87.98	100.0	9.87654320987	13.32	16.67	13.09	0.22	3.57	0.0	0	1	24.6913580247	6.76573631174
Golf-FujikuraGolfShafts917.xml	111	0.0	0.0	95.34	0.0	0.0	0.0	0.0	95.34	100.0	0.0	91.19	9.37	8.77	80.74	0.59	7.64	0	7	6.49297946595	7.88551478762
Golf-GolfTipStopTheThoughtProcessAndStartFeeling612.xml	16	0.0	20.44	0.0	0.0	0.0	0.0	0.0	20.44	100.0	0.0	49.0	71.25	33.25	12.4	38.0	5.1	0	0	234.375	7.63595094801
Golf-HammockBeachResort150.xml	330	13.52	6.52	11.26	0.0	14.91	0.0	0.0	61.95	100.0	1.65289256198	32.56	48.48	10.65	21.55	37.83	29.14	0	3	4.04040404039	5.70604166974
Golf-PerfectCurveShotsToTheGreenGolfTip751.xml	217	22.46	2.51	59.83	0.0	0.0	0.0	0.0	83.82	100.0	0.849455286797	85.91	61.34	48.64	36.09	12.69	1.1	0	3	4.45964025569	4.93562806922
Golf-PeterKrauseImprovingBallFlightVideo999.xml	281	0.0	0.0	0.0	0.0	0.0	0.58	4.65	90.39	100.0	6.45888476591	92.72	18.29	15.42	76.5	2.87	4.29	0	2	3.29276478262	6.5032750972
Golf-QolfGameHighlight190.xml	64	0.0	0.0	97.13	0.0	0.0	0.0	0.0	97.13	100.0	0.0	85.74	19.84	16.52	68.08	3.33	10.04	0	1	34.1796875	4.52062673798
Gov2events-ThePlatformForChangeTimOReillyOnGov20482.xml	238	80.28	0.0	16.83	0.0	0.0	0.0	8.29	88.8	100.0	0.353082409434	88.1	25.84	20.77	66.92	5.07	1.56	0	1	0.353082409434	6.4063615292
Gov2events-Web2ExpoSF09Gov2ExpoClayJohnsonTowardsAMoreOpenUnionW639.xml	3711	2.24	0.51	2.58	0.0	0.0	15.05	58.48	19.68	100.0	0.280288575241	95.13	16.68	13.37	81.73	3.31	1.52	0	3	0.129978380747	9.52196352634
Gvtvnews-Aug_29325.xml	1717	1.61	1.45	4.59	0.0	4.11	0.0	0.0	78.81	100.0	0.566468651387	58.73	35.55	14.89	43.81	20.66	20.14	0	3	0.359554952377	6.06803114246
GVTVNEWS-GVTVNews101207426.xml	1737	8.08	0.09	5.0	0.0	0.0	0.19	2.09	81.83	100.0	0.520355339724	51.53	31.72	12.09	39.38	19.63	28.75	0	2	0.2817210438	6.79160744405
Healthylemon-HealthylemonsNewsShow10913.xml	218	36.4	1.48	25.94	0.0	0.0	0.0	0.0	61.36	100.0	0.0	0.23	5.14	0.23	0.0	4.9	0.0	0	1	2.31461998148	6.4555865269
Healthylemon-HealthylemonsNewsShow6638.xml	336	0.0	0.0	0.0	0.0	0.0	0.0	0.0	80.57	100.0	0.354308390024	32.13	30.36	21.31	10.53	9.05	0.27	0	2	0.885770975057	5.82243790449
Healthylemon-HealthylemonsNewsShow8843.xml	211	0.0	0.0	9.15	0.0	0.0	0.0	0.0	68.81	100.0	0.0	0.24	10.05	0.24	0.0	9.8	0.0	0	1	2.24613103928	6.69814194575
Henrichy0205blip-MuseumBrandhorstOpening866.xml	526	0.0	0.0	9.69	0.0	0.0	0.0	0.0	93.77	100.0	0.0361433590192	91.85	23.52	17.27	74.44	6.24	1.53	0	7	5.67450736601	6.06508122731
Iamthetrend-IATTTutorial130.xml	394	35.92	3.63	6.35	0.0	0.0	0.0	0.0	82.42	100.0	0.0	61.97	19.04	13.75	47.87	5.29	3.25	0	4	6.11971449921	5.03628583144
Iamthetrend-IATTTVEpisode17Part272709304.xml	795	11.28	5.76	3.7	0.0	0.0	0.0	0.0	84.57	100.0	0.791107946679	52.77	98.33	51.82	0.76	46.51	0.35	0	2	0.22151022507	6.14202468141
Iamthetrend-IATTTVEpisode951809699.xml	664	0.0	0.0	6.5	0.0	0.0	0.0	6.93	81.69	100.0	0.884562345768	81.24	58.51	44.04	37.1	14.47	4.04	0	4	0.703113659458	8.19024408385
Infowarriorchannel-The_Alex_Jones_Show_The_Obama_Deception__most_downloaded_film_ev276.xml	176	26.01	3.0	0.0	0.0	25.53	0.0	0.0	59.9	100.0	3.22830578512	0.4	12.67	0.4	0.0	12.27	1.08	1	1	0.322830578513	0.0
ItsHappening-NoPompAndStanceJeremiahSequel2165.xml	188	15.87	0.0	14.26	0.0	3.81	0.0	0.0	25.33	100.0	1.98053417836	27.85	79.63	10.71	16.22	68.91	0.64	0	2	3.39520144862	7.4077778501
Iusondemand-AmministratoriDiSistemaNeParliamoConLavvAndreaLisi754.xml	275	0.0	0.0	4.64	0.0	16.78	0.0	0.0	73.21	100.0	1.19008264463	3.51	0.36	0.26	2.86	0.11	0.01	0	1	0.661157024793	7.5662414954
JaimeEstevez-MadridOnRails908.xml	69	0.0	0.0	74.45	0.0	0.0	0.0	0.0	74.45	100.0	0.0	78.45	4.64	4.39	72.57	0.24	20.48	0	4	54.6103759714	6.26058451455
Jasonheath-BassBlogTVScreencast13009592.xml	463	0.0	0.0	7.97	0.0	7.97	0.0	1.96	75.06	100.0	0.97961925465	79.45	25.81	8.35	70.94	17.46	2.93	1	2	0.373188287486	6.95851687698
Jasonheath-BassForSaleContactToddMatthewsForDetails997.xml	153	0.0	5.21	20.89	0.0	0.0	0.0	0.0	26.1	100.0	0.0	2.15	1.83	0.51	0.78	1.32	0.0	0	0	0.427186124995	0.0
JeffBrooks-CarCraftNationalsPickingTheCover914.xml	171	0.0	0.0	0.0	0.0	0.0	0.0	25.27	72.73	100.0	2.05191340925	22.08	66.73	8.09	13.42	58.64	12.31	0	4	10.6015526145	5.92110691631
Jigsawfanclub-JigsawEp14Videoblogging410.xml	332	0.0	4.15	18.73	0.0	10.48	0.64	0.0	74.73	100.0	2.72173029467	77.61	43.22	27.44	49.94	15.78	6.39	0	1	2.17738423574	6.34058946541
Kelstew-NewMediaDouchebagsInPlainEnglish764.xml	125	0.0	0.0	0.0	0.0	0.0	0.0	0.0	93.59	100.0	0.0	2.93	0.32	0.32	1.76	0.0	0.0	0	2	19.2	3.80932244132
Lauraflanders-GRITtvCommentaryMarthaBurk867.xml	100	0.0	0.0	89.54	0.0	0.0	0.0	0.0	89.54	100.0	0.0	94.93	16.4	15.86	77.02	0.54	0.48	1	1	1.0	0.0
Lauraflanders-GRITtvFeaturesChantixItMayBeHazardousToYourHealth994.xml	409	1.93	1.76	7.0	0.0	12.31	0.0	0.0	66.32	100.0	1.37493200065	24.54	10.54	6.12	18.18	4.42	1.31	0	2	1.01625408743	6.44593937459
Lauraflanders-GRITtvJuly92008369.xml	3482	0.61	0.85	1.88	0.0	0.0	22.12	29.01	39.82	100.0	0.144337944119	86.28	24.15	15.62	70.62	8.54	5.15	0	3	0.349710218894	6.33612540498
Lauraflanders-GRITtvMediaRoundtableJune232008976.xml	1376	0.0	0.12	0.79	0.0	0.0	1.41	23.89	73.22	100.0	0.316894267172	96.01	10.84	9.23	86.7	1.61	2.05	0	3	0.871459234724	4.69344677217
Lauraflanders-InterviewJamesPaulRECUT434.xml	547	0.0	0.0	0.0	0.0	0.0	0.0	11.46	86.69	100.0	0.868957818782	0.83	0.0	0.0	0.64	0.0	0.0	0	2	0.768693455077	3.83024899056
Lcalvobermejo-InterviewBruceSterlingWriterEditorAndCritic708.xml	231	0.0	3.35	13.75	0.0	8.27	0.0	0.0	8.83	100.0	0.749611139221	84.54	56.93	42.84	41.7	14.08	0.68	0	0	0.187402784805	0.0
Legourmettv-HowToMakeAGrahamCrackerCrust902.xml	173	11.58	7.97	31.13	0.0	14.77	0.0	0.0	45.39	100.0	1.67062046844	75.03	34.91	20.99	52.79	13.93	8.89	0	3	9.68959871694	5.75060993484
Lessig-LessigOnMcCainOnTech329.xml	1009	22.28	0.0	0.0	0.0	0.0	0.0	0.0	97.18	100.0	0.0	98.2	25.12	23.56	74.54	1.57	0.11	0	13	0.726857686176	9.50140103927
Littleindia15c-SimranSethiSustainableBusinessLectureAtLipscombUniversity441.xml	4482	0.0	0.79	0.91	0.0	0.0	4.31	52.95	38.64	100.0	0.130424021437	87.09	24.31	18.98	68.08	5.33	7.56	0	0	0.000995603217073	1.98644685913
Lopendvuur-LawnDownstream917.xml	261	0.0	5.6	0.0	0.0	0.0	0.0	0.0	5.6	100.0	0.0	6.52	94.79	3.16	2.83	91.63	0.43	0	1	0.58719044054	7.31997462629
Markwoo-TTNPresentsTTNDaily1132009835.xml	195	0.0	0.0	81.78	0.0	0.0	0.0	0.0	81.78	100.0	0.0	81.81	21.44	7.56	73.92	13.87	1.98	0	0	3.68178829717	8.27454113495
Marquisdejolie-TheHorn547.xml	140	0.0	6.94	16.41	0.0	1.98	0.0	0.0	21.36	100.0	0.510204081633	11.9	96.93	10.87	0.66	86.05	1.27	0	0	1.5306122449	6.65469675585
Mdtmusic-InTheNameOfTheFamilySuite496.xml	462	0.0	0.0	2.62	0.0	2.62	0.0	0.0	0.0	100.0	0.0	5.34	99.33	5.34	0.0	93.99	0.02	0	0	0.0	0.0
Mechbox-P90Disassembly757.xml	87	0.0	25.38	13.59	0.0	0.0	0.0	0.0	62.03	100.0	0.0	73.37	32.53	16.4	55.94	16.13	9.81	0	2	23.7812128418	7.06682809147
MeetCleaverTheatre-MCTShatterSavage425.xml	393	21.87	11.56	19.89	0.0	17.24	0.0	0.0	40.96	100.0	0.841701791529	53.15	66.9	28.47	24.07	38.43	8.2	0	2	2.78409054122	6.16710165853
Mikebogle-WebCamerasAreGoodMmmmkay875.xml	30	0.0	0.0	94.57	0.0	0.0	0.0	0.0	94.57	100.0	0.0	93.81	18.33	18.15	75.67	0.19	3.33	1	1	11.1111111111	0.0
Minorstudios-Jumpstart103108865.xml	356	0.0	1.7	93.63	0.0	0.0	0.0	0.0	95.32	100.0	0.0789041787652	68.51	70.25	46.55	21.68	23.7	7.59	0	4	1.8147961116	6.14977998711
Muzik4machines-MuddyMilfshakeMuzik4MachinesNewRoomIMovie743.xml	265	0.0	0.37	0.0	0.0	0.37	0.0	0.0	0.0	100.0	0.0	1.86	96.38	1.46	0.0	94.92	0.75	0	0	2.42079031684	6.38286531256
Naftalina-SonicSegaAllStarsRacing165.xml	83	7.54	11.93	0.0	0.0	0.67	0.0	0.0	17.95	100.0	2.90317898099	6.33	86.27	5.17	0.0	81.1	0.0	0	1	26.1286108289	7.55106493509
NickDutch-FreeTarotReadings291.xml	76	0.0	0.0	98.17	0.0	0.0	0.0	0.0	98.17	100.0	0.0	7.34	60.53	2.64	3.74	57.89	34.02	0	0	1.73130193905	0.0
Nzpsych-IndividualAndCommunitySupportsAfterTheCanberraBushfires291.xml	849	0.0	0.0	0.0	0.0	0.0	0.0	0.0	97.86	100.0	0.0	98.59	6.94	6.27	92.17	0.67	0.55	0	1	0.166481456047	3.9924537064
Opiatefilms-SimonEmilyFHTAPromoHQ175.xml	144	17.4	10.4	0.0	0.0	11.34	0.0	0.0	48.76	100.0	4.82253086419	62.07	38.06	16.13	45.24	21.93	14.21	0	3	13.5030864197	7.35773328366
Palau-CityFest2009PresentationVideo582.xml	202	16.7	16.23	0.0	0.0	12.09	0.0	0.0	43.11	100.0	1.96059209881	43.65	68.96	23.63	19.44	45.33	9.12	0	6	15.4396627782	6.19061252392
Pepa-semanaDel27DeMayo237.xml	112	0.0	9.12	17.71	0.0	25.46	0.0	0.0	24.95	100.0	4.7831632653	9.08	92.86	7.88	0.33	84.98	1.55	0	1	5.58035714286	6.41780782296
Politicallunch-PoliticalLunch010308IowaCaucusAfternoonReport704.xml	175	0.0	0.0	6.09	0.0	0.0	5.72	0.0	92.11	100.0	6.20408163263	5.76	0.91	0.8	4.56	0.11	0.7	0	3	2.28571428571	4.84377425445
Politicallunch-PoliticalLunch011508597.xml	234	0.0	3.27	0.0	0.0	0.0	0.0	3.65	94.32	100.0	0.547885163269	4.65	0.94	0.56	3.65	0.38	0.06	1	1	1.27839871429	1.06619490141
Politicallunch-PoliticalLunch052808490.xml	283	0.0	0.0	0.0	0.0	0.0	3.27	0.0	96.33	100.0	3.62097166901	93.46	3.39	2.65	90.2	0.74	2.45	0	4	1.37347201239	5.61114560688
Politicallunch-PoliticalLunch081208TuesdaySnack407.xml	285	1.48	3.08	0.0	0.0	0.26	0.0	0.0	76.58	100.0	1.47737765466	78.84	27.47	9.4	69.26	18.07	2.74	0	2	0.984918436442	5.25818020825
Politicallunch-PoliticalLunchFlashbackTheEarlyDaysOf10in3846.xml	228	0.0	0.0	0.0	0.0	0.0	1.71	3.6	92.92	100.0	4.80917205294	92.97	3.25	2.2	90.01	1.05	2.49	0	3	2.69313634964	6.23279666987
Pox98-BoxeeForCES683.xml	56	0.0	0.0	97.07	0.0	0.0	0.0	0.0	97.07	100.0	0.0	35.49	3.04	2.15	31.43	0.89	0.0	1	1	3.1887755102	6.19440870554
Redmonk-MonitoringPanelAtBarcampESM08ITManagementPodcast03647.xml	1894	19.41	3.02	41.76	0.0	26.59	0.0	0.0	43.04	100.0	0.0919928323643	1.3	83.59	1.3	0.0	82.29	0.0	0	3	0.0250889542813	3.706967497
Redmonk-ScottHebnerAtRSDC2008RationalTeamConcertJazzMovingTow636.xml	607	0.0	0.0	0.0	0.0	0.0	0.0	14.45	85.49	100.0	0.43425277311	90.64	41.42	36.91	53.39	4.5	4.52	1	2	0.0542815966389	2.36822663209
Remove-DrivingThe2010FordFlexEcoBoost227.xml	204	0.0	3.6	0.0	0.0	0.0	0.0	0.0	77.51	100.0	4.08496732026	6.35	54.07	2.23	3.72	51.84	35.54	0	0	0.480584390619	7.4608830601
Remove-EasyLikeSundayMorning263.xml	313	0.0	0.0	0.0	0.0	0.0	0.0	0.0	84.71	100.0	2.44975451418	72.29	55.65	34.17	37.93	21.48	5.94	0	0	0.102073104758	0.0
ReporterRoundtable-RREps220375.xml	1664	0.0	0.0	0.0	0.0	0.0	17.45	15.25	65.36	100.0	0.303370007397	87.11	12.42	8.66	78.36	3.75	8.95	0	5	0.516451322115	6.45714721258
Sgallasch-wwwgmvcomau_GMV356DVD292.xml	124	0.0	9.98	24.35	0.0	34.34	0.0	0.0	0.0	100.0	1.95109261186	7.44	73.23	5.15	1.44	68.07	22.43	0	2	7.80437044745	6.98027675779
Shanti3-AskJoharAndSimonAreETsRealAreTheyHere941.xml	408	2.08	3.17	7.96	0.0	0.23	0.0	0.0	75.87	100.0	1.50182622068	76.63	53.11	31.74	44.48	21.37	1.72	0	1	0.420511341792	2.89835404426
Slmader-Day6DontRushIt954.xml	42	0.0	0.0	97.48	0.0	0.0	0.0	0.0	97.48	100.0	0.0	6.25	0.0	0.0	3.57	0.0	0.0	1	1	5.66893424036	0.0
Spazzo54-DayEightHeadShouldersGunsAndToes470.xml	324	0.6	0.0	41.41	0.0	0.0	1.23	0.0	88.31	100.0	0.285779606767	84.63	43.4	31.28	53.14	12.11	2.85	0	2	1.33363816491	4.93058786185
Stupidfamouspeople-KimoraLeeSimmonsDjimonHounsouArriveToMarcAnthonys40th435.xml	38	0.0	34.11	0.0	0.0	0.0	0.0	0.0	34.11	100.0	0.0	8.04	79.74	5.8	0.16	73.94	3.53	0	2	48.4764542937	3.9014304031
Stupidfamouspeople-PaparazziFootageOfBenAffleckAndJenniferGarnerWithoutBab353.xml	31	0.0	0.0	41.81	0.0	0.0	0.0	0.0	41.81	100.0	0.0	9.57	61.29	4.52	0.34	56.77	0.31	0	1	62.4349635797	3.78154921581
Stupidfamouspeople-TomCruiseAndKatieHolmesReturnHomeAfterAllMySonsOpenin152.xml	60	47.15	2.47	0.0	0.0	11.97	0.0	0.0	35.0	100.0	5.55555555555	14.29	71.83	8.52	4.03	63.31	5.64	0	3	33.3333333333	5.43297831215
Stupidfamouspeople-UglyAgynessDeynAndAlbertHammondJrOfTheStrokesLeavingM278.xml	29	0.0	2.24	0.0	0.0	2.24	0.0	0.0	0.0	100.0	0.0	1.79	12.07	1.79	0.0	10.28	0.0	0	0	23.7812128419	5.56921862585
Sull-DramaticObamaWinMcCainPalinBushReact692.xml	169	22.66	1.18	26.15	0.0	27.86	0.0	0.0	22.13	100.0	1.05038338993	26.46	80.36	8.82	16.81	71.54	1.54	0	2	4.5516613564	5.87907079373
Sunkisland-TheDrowningLandSemanal08478.xml	176	0.0	3.87	0.0	0.0	1.01	0.0	0.0	2.86	100.0	1.29132231405	16.16	99.03	15.87	0.0	83.17	0.0	0	0	2.90547520661	5.95706207414
Telkes-BeszmolAParlamentiBizottsgLsrl579.xml	285	7.06	4.06	41.73	0.0	0.0	0.0	0.0	87.51	100.0	0.0	80.11	40.56	30.27	49.32	10.29	9.41	1	1	0.369344413667	2.41457144265
Thatsportsshowhd-ThatSportsShowHDBlazingShootingAndCrossDressing551.xml	234	0.0	2.74	0.0	0.0	0.0	0.0	5.32	92.86	100.0	0.730513551026	93.76	9.32	8.83	84.17	0.48	0.75	0	2	4.01782453065	7.5842464659
TheEpicSeason-JesseCsincsak357.xml	57	0.0	7.81	0.0	0.0	0.0	0.0	0.0	7.81	100.0	0.0	1.99	0.0	0.0	0.0	0.0	0.0	0	2	46.1680517082	7.83157442315
TheJAMAREPORT-ADULTSTEMCELLSAREHELPINGPATIENTSWITHAUTOIMMUNEDISEASESA376.xml	143	0.0	0.0	0.0	0.0	0.0	2.74	22.08	73.56	100.0	5.37923614847	84.17	15.66	11.7	71.8	3.96	2.19	0	1	6.35727908455	5.93016524896
TheJAMAREPORT-MILITARYTROOPSRETURNINGFROMCOMBATMAYEXPERIENCEBINGEDRINK180.xml	134	0.0	0.0	0.0	0.0	0.0	9.98	0.0	86.05	100.0	3.89841835598	21.04	3.06	0.95	19.24	2.11	0.32	0	1	6.12608598797	5.57244309007
TheROFLwaffle-Day7Fantasies414.xml	139	34.04	1.76	15.4	0.0	1.76	0.0	0.0	76.86	100.0	1.03514310853	78.85	47.99	31.36	46.51	16.62	4.14	0	1	4.6581439884	7.31646546581
UBM-01065UnconditionalEternalSecurity01160.xml	3484	0.0	0.19	0.0	0.0	38.12	0.0	0.0	4.43	100.0	0.0205960394969	39.59	13.74	11.43	28.13	2.31	1.93	0	1	0.00988609895852	6.43044935001
UBM-02082HowShallWeDie08GodIsSovereign286.xml	3481	0.66	0.36	1.4	0.0	0.0	0.18	53.61	39.04	100.0	0.592538259776	90.66	41.28	34.9	55.71	6.38	2.88	0	2	0.0536420430158	7.36085658755
UBM-02083bFleeTheSinCities02810.xml	3481	0.0	0.0	0.86	0.0	0.0	0.86	0.84	82.86	100.0	0.154324031446	84.03	19.01	17.4	66.61	1.61	1.66	0	2	0.047039945414	5.61970641517
Undercurrents-UrgentActionAlertColombia457.xml	41	60.27	2.29	0.0	0.0	2.29	0.0	0.0	56.76	100.0	5.9488399762	46.97	36.59	5.97	38.79	30.61	20.97	0	0	11.8976799524	3.77113029539
VirginBob-CourteenersToHeadlineNextVFestival406.xml	111	0.0	6.59	83.68	0.0	0.0	0.0	0.0	90.27	100.0	0.0	2.88	8.47	2.05	0.83	6.42	8.27	0	2	21.1021832643	6.55522074043
VirginBob-TheZutonsInterview121.xml	230	0.0	2.9	7.45	0.0	7.95	2.9	0.0	76.69	100.0	2.26843100189	72.64	46.04	26.61	45.27	19.43	4.47	0	2	9.26275992439	6.91474223029
Wakeyouthmovement-WakeYouthMovementPromo339.xml	155	0.0	8.26	0.0	0.0	8.26	0.0	0.0	0.0	100.0	0.416233090531	9.19	96.9	7.25	1.92	89.65	0.27	0	2	7.49219562955	7.3152148829
Wardy-RestaurantFoodFastEpisode24494.xml	740	0.0	3.67	0.0	0.0	10.64	0.0	0.0	49.67	100.0	1.22352081811	64.95	78.41	45.33	19.45	33.07	1.94	0	1	0.27392257122	6.68181737923
WashingtonCathedral-TimWhite532009840.xml	1888	4.83	0.41	0.0	0.0	0.0	7.21	9.75	72.85	100.0	0.614384336398	91.76	22.87	17.93	73.8	4.94	3.23	0	1	0.0140270396438	4.47171124662
WowCool-WowCoolShowSeason1Episode18GourmetHens550.xml	111	0.0	0.0	0.0	0.0	0.0	0.0	6.05	89.17	100.0	1.62324486649	3.19	3.69	0.96	1.26	2.73	0.0	0	0	1.62324486649	3.54429378734
Xtensivearts-xtensiveArtsAndroidVideoTutorialSeriesEpisode1953.xml	654	6.03	2.26	14.64	0.0	0.0	1.88	3.11	82.51	100.0	0.818299993454	59.12	15.99	11.19	47.93	4.8	1.69	0	0	0.257179997942	8.74851173897
Yourworldin5-YourWorldIn5Minutes041309854.xml	284	0.0	0.0	0.0	0.0	0.0	6.04	0.0	93.01	100.0	1.23983336639	19.23	0.95	0.95	17.91	0.0	0.05	0	3	2.10771672287	6.161440106
