7
16
19
23
23
24
28
29
30
31
31
35
35
36
38
39
40
40
41
41
41
42
44
45
45
46
46
47
47
48
49
51
53
53
54
55
55
56
56
57
59
59
60
60
60
60
60
60
63
63
64
67
67
67
68
69
69
69
70
70
70
70
71
71
72
73
73
73
74
76
76
77
77
78
78
79
80
82
82
83
83
83
83
84
85
86
86
87
87
90
90
90
91
92
92
92
93
95
97
98
99
99
100
100
102
103
103
105
105
108
108
111
111
111
112
113
113
115
116
117
118
119
119
119
120
121
122
122
123
124
125
127
130
130
132
132
133
133
134
134
134
135
136
137
139
139
139
140
141
142
143
143
144
146
147
148
149
151
151
152
153
155
155
157
158
158
159
162
162
163
166
168
169
169
171
173
173
175
175
176
176
176
176
179
179
181
183
185
187
188
188
188
188
189
189
191
193
193
193
193
195
195
199
200
200
202
203
203
204
204
204
205
205
207
207
209
211
211
212
212
212
213
216
217
218
218
223
224
224
226
227
228
230
230
231
231
232
234
234
235
237
238
238
239
239
241
245
246
247
251
252
253
256
259
260
261
263
264
264
265
269
270
275
275
275
276
280
280
281
283
284
285
285
285
286
286
287
287
290
292
293
294
300
300
301
305
305
311
311
312
313
314
320
320
324
324
324
324
328
330
332
334
335
336
339
340
341
344
344
345
346
352
352
353
354
354
356
357
357
358
362
363
365
369
369
372
381
383
385
386
392
393
394
396
401
402
402
408
408
409
411
414
421
421
428
429
432
437
441
447
448
449
452
456
458
460
461
462
463
465
465
476
488
490
490
493
496
497
499
502
502
506
506
514
521
526
526
533
534
545
547
548
548
549
553
553
557
560
569
573
577
583
584
584
585
589
593
595
596
599
600
600
602
607
607
607
611
615
616
617
626
635
638
652
654
657
659
659
660
662
664
668
682
687
694
707
709
711
717
723
723
734
740
744
749
751
758
767
775
795
795
802
802
803
804
845
849
861
862
864
923
939
962
969
970
973
991
995
998
1001
1005
1009
1011
1015
1016
1025
1047
1052
1053
1055
1059
1082
1084
1087
1088
1097
1100
1101
1105
1122
1128
1132
1141
1146
1153
1175
1179
1184
1186
1215
1216
1223
1234
1264
1269
1290
1292
1293
1336
1342
1350
1358
1362
1373
1376
1398
1424
1465
1495
1497
1500
1508
1529
1530
1532
1563
1564
1570
1603
1610
1618
1620
1622
1631
1664
1680
1699
1710
1714
1717
1718
1722
1722
1724
1726
1729
1737
1743
1747
1749
1758
1765
1774
1793
1794
1851
1862
1888
1894
1903
1951
1956
2016
2066
2084
2216
2267
2269
2276
2283
2311
2347
2353
2353
2431
2618
2622
2622
2624
2778
2826
2988
2997
3028
3104
3346
3419
3481
3481
3481
3481
3482
3484
3491
3492
3494
3503
3538
3711
3713
3742
3801
3839
4033
4187
4334
4482
4865
4896
4898
5465
5635
5672
5770
8077
